#CurrentTime NumWorkers ExpectedRate CurrentRate WattsSocket WattsCores WattsOffCores WattsDRAM
0 13 500000.000000 0.000000 65470.963318 65499.151103 0.000000 65523.874350 65475.331741 65503.497249 0.000000 65529.012610
1 13 500000.000000 0.000000 65473.448303 65500.776454 0.000000 65524.101721 65480.801361 65508.072978 0.000000 65529.083533
2 13 500000.000000 918471.000000 65471.655670 65498.609706 0.000000 65524.554419 65476.375244 65503.427623 0.000000 65529.160513
3 12 500000.000000 661596.500000 65471.597382 65498.584712 0.000000 65524.427222 65476.320953 65503.402599 0.000000 65529.271628
4 12 500000.000000 525581.000000 65473.676758 65500.762080 0.000000 65524.162619 65484.188995 65511.225658 0.000000 65529.199088
5 12 500000.000000 494101.000000 65471.597794 65498.552089 0.000000 65524.513739 65479.528137 65506.587993 0.000000 65529.029532
6 11 500000.000000 475259.800000 65471.516830 65498.484264 0.000000 65524.465002 65479.523636 65506.602596 0.000000 65529.008978
7 11 500000.000000 438004.333333 65473.419464 65500.510066 0.000000 65524.269949 65485.976837 65513.041042 0.000000 65529.114386
8 11 500000.000000 433046.285714 65471.491653 65498.441295 0.000000 65524.428259 65482.575775 65509.646663 0.000000 65529.160971
9 10 500000.000000 429301.500000 65471.312119 65498.320110 0.000000 65524.395102 65482.470337 65509.595607 0.000000 65529.143591
10 10 500000.000000 410207.000000 65473.280182 65500.340633 0.000000 65524.330649 65487.339447 65514.399730 0.000000 65529.131308
11 10 500000.000000 409400.000000 65471.229858 65498.191997 0.000000 65524.462103 65485.570938 65512.649486 0.000000 65529.129340
12 9 500000.000000 408777.272727 65471.123215 65498.099101 0.000000 65524.446997 65485.518021 65512.617900 0.000000 65529.100821
13 9 500000.000000 397174.250000 65473.107254 65500.182964 0.000000 65524.181021 65490.556213 65517.628123 0.000000 65529.103369
14 9 500000.000000 397476.000000 65471.048004 65497.995876 0.000000 65524.421866 65488.728409 65515.798701 0.000000 65529.302176
15 8 500000.000000 397638.642857 65470.952072 65497.940593 0.000000 65524.421912 65488.520096 65515.629802 0.000000 65529.274603
16 8 500000.000000 389594.666667 65473.067413 65500.133083 0.000000 65524.267203 65492.163651 65519.232921 0.000000 65529.149115
17 8 500000.000000 390055.000000 65470.894974 65497.844295 0.000000 65524.403448 65491.584579 65518.644557 0.000000 65529.436026
18 7 500000.000000 390479.470588 65470.680389 65497.714626 0.000000 65524.375525 65491.437149 65518.585735 0.000000 65529.110373
19 7 500000.000000 384481.222222 65471.703476 65499.010020 0.000000 65524.103766 65495.113800 65522.407146 0.000000 65529.034079
20 7 500000.000000 385061.421053 65470.571182 65497.523753 0.000000 65524.459662 65494.923553 65521.958919 0.000000 65529.217963
21 6 500000.000000 385572.600000 65470.356964 65497.391597 0.000000 65524.357153 65494.731964 65521.844020 0.000000 65529.046469
22 6 500000.000000 380057.714286 65474.441864 65501.727458 0.000000 65524.185751 65495.047806 65522.325237 0.000000 65529.069525
23 6 500000.000000 379355.590909 65473.879486 65500.842113 0.000000 65524.433630 65494.925903 65521.951122 0.000000 65529.188055
24 7 500000.000000 379108.347826 65473.512421 65500.610881 0.000000 65524.350623 65494.640274 65521.821346 0.000000 65529.023657
25 7 500000.000000 375323.083333 65472.416306 65499.477946 0.000000 65524.316641 65495.711502 65522.754070 0.000000 65529.036078
26 7 500000.000000 376136.480000 65470.400818 65497.352763 0.000000 65524.394125 65494.896637 65521.926128 0.000000 65528.888937
27 6 500000.000000 376811.653846 65470.141525 65497.195171 0.000000 65524.336508 65494.715714 65521.856868 0.000000 65529.004218
28 6 500000.000000 373015.111111 65475.499741 65502.531245 0.000000 65524.328604 65495.042938 65522.071483 0.000000 65529.062857
29 6 500000.000000 372933.892857 65473.747131 65500.695140 0.000000 65524.407080 65494.879456 65521.929317 0.000000 65529.064856
30 6 500000.000000 372863.724138 65473.794678 65500.734645 0.000000 65524.454855 65494.541992 65521.577647 0.000000 65528.939551
31 6 500000.000000 372639.766667 65473.776733 65500.724651 0.000000 65524.425497 65494.098694 65521.146709 0.000000 65528.893088
32 6 500000.000000 372650.129032 65473.778778 65500.711269 0.000000 65524.398306 65494.329514 65521.367427 0.000000 65528.723593
33 6 500000.000000 372638.875000 65473.742676 65500.688655 0.000000 65524.408072 65494.164871 65521.218745 0.000000 65528.976462
34 6 500000.000000 372463.030303 65473.861237 65500.793071 0.000000 65524.474142 65494.383804 65521.420909 0.000000 65529.082327
35 6 500000.000000 372365.205882 65473.777100 65500.721751 0.000000 65524.405341 65494.386139 65521.443233 0.000000 65528.979895
36 6 500000.000000 372423.200000 65473.794952 65500.726100 0.000000 65524.426733 65494.368256 65521.417308 0.000000 65528.906790
37 6 500000.000000 372423.305556 65473.834076 65500.784343 0.000000 65524.401740 65494.013214 65521.057765 0.000000 65529.001822
38 6 500000.000000 372198.891892 65473.938889 65500.872935 0.000000 65524.458228 65494.860596 65521.909328 0.000000 65528.978354
39 6 500000.000000 372156.578947 65473.838516 65500.789134 0.000000 65524.447134 65494.887894 65521.933543 0.000000 65528.994406
40 6 500000.000000 372262.153846 65473.869476 65500.807491 0.000000 65524.451071 65494.894424 65521.960307 0.000000 65528.869162
41 6 500000.000000 372198.100000 65473.870697 65500.822444 0.000000 65524.427924 65494.926514 65521.985011 0.000000 65528.756842
42 6 500000.000000 372026.756098 65473.842575 65500.776439 0.000000 65524.484167 65494.904449 65521.972224 0.000000 65528.808356
43 6 500000.000000 372011.238095 65473.820908 65500.773784 0.000000 65524.498557 65494.915695 65521.965358 0.000000 65528.865408
44 6 500000.000000 372081.581395 65473.938049 65500.879832 0.000000 65524.416800 65494.894012 65521.960216 0.000000 65528.816428
45 6 500000.000000 372061.818182 65474.012207 65500.972972 0.000000 65524.387747 65494.936279 65521.995692 0.000000 65528.807272
46 6 500000.000000 371931.755556 65474.052063 65500.998134 0.000000 65524.437796 65494.880127 65521.948268 0.000000 65528.983679
47 6 500000.000000 371899.260870 65473.982712 65500.942653 0.000000 65524.547049 65494.909760 65521.957332 0.000000 65528.982809
48 6 500000.000000 371935.595745 65474.074127 65501.025020 0.000000 65524.543829 65494.853058 65521.909923 0.000000 65528.891592
49 6 500000.000000 371903.812500 65474.003235 65500.967570 0.000000 65524.436148 65494.878036 65521.923671 0.000000 65528.963278
50 6 500000.000000 371848.897959 65474.075974 65501.025890 0.000000 65524.414496 65494.854279 65521.915401 0.000000 65528.845129
51 6 500000.000000 371806.460000 65473.990768 65500.952861 0.000000 65524.426840 65494.853348 65521.895335 0.000000 65528.949622
52 6 500000.000000 371846.254902 65473.939362 65500.903529 0.000000 65524.439246 65494.848648 65521.904933 0.000000 65529.041388
53 6 500000.000000 371800.365385 65474.070496 65501.022487 0.000000 65524.425101 65494.870483 65521.914653 0.000000 65529.022910
54 6 500000.000000 371714.509434 65474.022202 65500.992839 0.000000 65524.412634 65494.854324 65521.912212 0.000000 65529.118613
55 6 500000.000000 371741.092593 65473.971680 65500.933498 0.000000 65524.422720 65494.865906 65521.904582 0.000000 65529.036429
56 6 500000.000000 371738.690909 65473.940506 65500.916454 0.000000 65524.436987 65494.820206 65521.870265 0.000000 65529.170508
57 6 500000.000000 371719.517857 65473.974457 65500.941997 0.000000 65524.518332 65494.610046 65521.651027 0.000000 65529.377554
58 6 500000.000000 371620.192982 65473.912796 65500.888499 0.000000 65524.558615 65494.853561 65521.915141 0.000000 65529.116843
59 6 500000.000000 371650.103448 65473.948059 65500.909541 0.000000 65524.435156 65494.862823 65521.907710 0.000000 65529.075171
60 6 500000.000000 371660.305085 65473.919846 65500.895457 0.000000 65524.461508 65494.848953 65521.890132 0.000000 65529.049231
61 6 500000.000000 371593.233333 65473.931915 65500.895427 0.000000 65524.469778 65494.851501 65521.912212 0.000000 65528.918188
62 6 500000.000000 371559.573770 65473.888184 65500.867870 0.000000 65524.526831 65494.853439 65521.893184 0.000000 65529.048773
63 6 500000.000000 371602.290323 65473.896820 65500.867015 0.000000 65524.463690 65494.835587 65521.892299 0.000000 65529.124884
64 6 500000.000000 371617.539683 65473.828613 65500.807841 0.000000 65524.462256 65494.836609 65521.896098 0.000000 65529.095480
65 6 500000.000000 371493.562500 65473.969666 65500.939189 0.000000 65524.544424 65494.879227 65521.931422 0.000000 65529.089850
66 6 500000.000000 371480.538462 65473.855988 65500.841655 0.000000 65524.475607 65494.829178 65521.888316 0.000000 65529.138510
67 6 500000.000000 371560.712121 65473.875931 65500.851237 0.000000 65524.456229 65494.904572 65521.960002 0.000000 65529.083121
68 6 500000.000000 371526.746269 65473.880936 65500.868190 0.000000 65524.457724 65494.888153 65521.941936 0.000000 65529.224295
69 6 500000.000000 371429.573529 65473.901108 65500.869212 0.000000 65524.429968 65494.880157 65521.948436 0.000000 65528.960608
70 6 500000.000000 371430.318841 65473.796585 65500.783839 0.000000 65524.430014 65494.860626 65521.911693 0.000000 65529.168600
71 6 500000.000000 371465.685714 65473.861633 65500.843364 0.000000 65524.426276 65494.869476 65521.938838 0.000000 65529.060828
72 6 500000.000000 371470.887324 65473.815582 65500.806071 0.000000 65524.397299 65494.918945 65521.978648 0.000000 65529.065558
73 6 500000.000000 371395.069444 65473.866852 65500.844203 0.000000 65524.414252 65494.869720 65521.938777 0.000000 65529.082846
74 6 500000.000000 371373.904110 65473.796112 65500.795528 0.000000 65524.473471 65494.890533 65521.947993 0.000000 65529.076117
75 6 500000.000000 371412.608108 65473.834061 65500.816646 0.000000 65524.456656 65494.904770 65521.982631 0.000000 65529.019766
76 6 500000.000000 371400.000000 65473.794601 65500.795039 0.000000 65524.436682 65494.909897 65521.969585 0.000000 65529.042715
77 6 500000.000000 371377.039474 65473.860977 65500.851894 0.000000 65524.522208 65494.862106 65521.932689 0.000000 65528.958853
78 6 500000.000000 371354.233766 65473.789719 65500.794841 0.000000 65524.600516 65494.880539 65521.958064 0.000000 65528.919913
79 6 500000.000000 371370.038462 65473.796295 65500.789577 0.000000 65524.510947 65494.871124 65521.921931 0.000000 65529.065955
80 6 500000.000000 371359.696203 65473.765121 65500.770808 0.000000 65524.452734 65494.846527 65521.909724 0.000000 65529.143683
81 6 500000.000000 371281.200000 65473.808304 65500.803432 0.000000 65524.431403 65494.917816 65521.977122 0.000000 65529.117422
82 6 500000.000000 371306.950617 65473.727600 65500.741756 0.000000 65524.455405 65494.916779 65521.980495 0.000000 65529.076102
83 6 500000.000000 371310.609756 65473.733444 65500.741725 0.000000 65524.423651 65494.874893 65521.950038 0.000000 65529.099692
84 6 500000.000000 371286.638554 65473.776611 65500.775920 0.000000 65524.730490 65494.899841 65521.964290 0.000000 65529.072928
85 6 500000.000000 371215.785714 65473.728561 65500.748378 0.000000 65524.625113 65494.815323 65521.883510 0.000000 65528.947424
86 6 500000.000000 371249.258824 65473.767197 65500.772838 0.000000 65524.484717 65494.881210 65521.940364 0.000000 65529.021216
87 6 500000.000000 371261.662791 65473.686035 65500.710826 0.000000 65524.415137 65494.876801 65521.957896 0.000000 65528.910208
88 6 500000.000000 371221.229885 65473.768356 65500.776195 0.000000 65524.421805 65494.910110 65521.974574 0.000000 65529.168356
89 6 500000.000000 371198.750000 65473.697128 65500.716701 0.000000 65524.446753 65494.897736 65521.976955 0.000000 65529.108817
90 6 500000.000000 371224.584270 65473.720566 65500.734050 0.000000 65524.540656 65494.918518 65521.983073 0.000000 65529.170599
91 6 500000.000000 371251.111111 65473.640396 65500.667979 0.000000 65524.484534 65494.892044 65521.970042 0.000000 65529.205817
92 6 500000.000000 371164.648352 65473.730927 65500.742992 0.000000 65524.488455 65494.915359 65521.974345 0.000000 65529.086554
93 6 500000.000000 371155.673913 65473.598724 65500.628551 0.000000 65524.443564 65494.903839 65521.979976 0.000000 65529.041617
94 6 500000.000000 371217.279570 65473.666077 65500.682155 0.000000 65524.438712 65494.931580 65522.000041 0.000000 65529.171667
95 6 500000.000000 371200.053191 65473.635208 65500.665858 0.000000 65524.561621 65494.916641 65522.001399 0.000000 65529.127463
96 6 500000.000000 371139.610526 65473.656113 65500.676402 0.000000 65524.544485 65494.934555 65522.001186 0.000000 65529.339499
97 6 500000.000000 371135.937500 65473.561676 65500.598582 0.000000 65524.546500 65494.905823 65521.983470 0.000000 65529.146307
98 6 500000.000000 371168.597938 65473.636826 65500.660823 0.000000 65524.517157 65494.921387 65521.987926 0.000000 65529.298865
99 6 500000.000000 371167.020408 65473.580048 65500.624446 0.000000 65524.441702 65494.902634 65521.984325 0.000000 65529.247382
100 6 500000.000000 371126.181818 65473.646988 65500.676906 0.000000 65524.783102 65494.897766 65521.964977 0.000000 65529.415091
101 6 500000.000000 371108.270000 65473.561523 65500.608516 0.000000 65524.753577 65494.895294 65521.975658 0.000000 65529.443259
102 6 100000.000000 0.000000 65474.483337 65501.474879 0.000000 65525.022528 65494.935120 65521.989696 0.000000 65529.593558
103 6 100000.000000 158889.000000 65474.841537 65501.826625 0.000000 65525.191656 65494.897873 65521.953929 0.000000 65529.868643
104 6 100000.000000 126909.000000 65474.912201 65501.884242 0.000000 65524.757697 65494.937073 65521.982448 0.000000 65529.894659
105 6 100000.000000 116252.000000 65474.885162 65501.871577 0.000000 65524.808249 65494.929718 65521.989467 0.000000 65529.886389
106 5 100000.000000 110927.250000 65474.859589 65501.855556 0.000000 65524.735861 65494.898788 65521.971263 0.000000 65529.734442
107 5 100000.000000 103324.800000 65478.991959 65506.073116 0.000000 65524.643958 65495.303223 65522.361278 0.000000 65529.451544
108 5 100000.000000 102130.000000 65478.088760 65505.061534 0.000000 65524.812460 65494.668564 65521.722682 0.000000 65529.437292
109 4 100000.000000 101273.857143 65478.074982 65505.070552 0.000000 65524.787085 65494.550018 65521.629771 0.000000 65529.358145
110 4 100000.000000 97779.875000 65481.081100 65508.148509 0.000000 65524.914664 65495.269028 65522.323207 0.000000 65529.445395
111 4 100000.000000 97594.555556 65481.435730 65508.402477 0.000000 65524.807242 65494.871582 65521.934856 0.000000 65529.609229
112 3 100000.000000 97447.100000 65481.374054 65508.370204 0.000000 65524.928656 65494.840668 65521.923839 0.000000 65529.360526
113 3 100000.000000 95580.000000 65482.863190 65510.158443 0.000000 65524.796698 65494.508453 65521.807414 0.000000 65529.163000
114 3 100000.000000 95633.666667 65483.949020 65510.933192 0.000000 65524.981940 65494.546539 65521.597285 0.000000 65529.263968
115 2 100000.000000 95677.538462 65484.742157 65511.740657 0.000000 65525.171378 65494.670227 65521.747050 0.000000 65529.260672
116 2 100000.000000 94331.642857 65487.457718 65514.502849 0.000000 65524.922705 65495.067444 65522.117397 0.000000 65529.863684
117 2 100000.000000 94439.333333 65487.910126 65514.884456 0.000000 65525.039420 65494.667114 65521.727351 0.000000 65529.996176
118 1 100000.000000 94533.812500 65487.860443 65514.863185 0.000000 65524.889273 65494.931793 65522.004100 0.000000 65529.976126
119 1 100000.000000 92137.764706 65489.916367 65516.954982 0.000000 65524.849310 65495.049927 65522.098384 0.000000 65529.712225
120 1 100000.000000 90664.222222 65490.328903 65517.286067 0.000000 65525.080771 65494.793091 65521.845287 0.000000 65529.821494
121 2 100000.000000 89347.736842 65489.562210 65516.655696 0.000000 65524.868948 65494.048599 65521.225932 0.000000 65529.925589
122 2 100000.000000 88802.750000 65487.399246 65514.689708 0.000000 65524.709860 65494.322876 65521.614513 0.000000 65529.745123
123 2 100000.000000 89136.476190 65487.928589 65514.892238 0.000000 65524.987448 65494.572174 65521.630428 0.000000 65529.964453
124 1 100000.000000 89440.863636 65487.871414 65514.856700 0.000000 65524.861472 65494.518433 65521.575725 0.000000 65529.949561
125 1 100000.000000 87890.391304 65491.162918 65518.192622 0.000000 65524.687964 65494.398529 65521.464870 0.000000 65529.394308
126 1 100000.000000 86941.166667 6549